{
 "cells": [
  {
   "cell_type": "markdown",
   "id": "eecf22c8",
   "metadata": {},
   "source": [
    "Problem 1: \n",
    "\n",
    "- Read the database in from this heart1.csv file and analyze the data.\n",
    "- Your analysis should include a statistical study of each variable: correlation of each variable, dependent  or independent, with all the other variables. Determine which variables are most highly correlated with each other and also which are highly correlated with the variable you wish to predict. \n",
    "- Create a cross covariance matrix to show which variables are not independent of each other and which ones are best predictors of heart disease. Create a pair plot.\n",
    "- Based on this analysis you must determine what you think you will be able to do and which variables you think are most likely to play a significant roll in predicting the dependent variable, in this case occurrence of heart disease. \n",
    "\n",
    "- Your management at AMAPE want to be kept constantly updated on your progress. Write one paragraph based on these results indicating what you have learned from this analysis. We are looking for specific observations"
   ]
  },
  {
   "cell_type": "code",
   "execution_count": 2,
   "id": "294cfe91",
   "metadata": {},
   "outputs": [],
   "source": [
    "import numpy as np\n",
    "import pandas as pd\n",
    "import matplotlib.pyplot as plt\n",
    "import seaborn as sns\n",
    "import warnings\n",
    "warnings.filterwarnings('ignore')"
   ]
  },
  {
   "cell_type": "code",
   "execution_count": 3,
   "id": "0015ca0a",
   "metadata": {},
   "outputs": [
    {
     "data": {
      "text/html": [
       "<div>\n",
       "<style scoped>\n",
       "    .dataframe tbody tr th:only-of-type {\n",
       "        vertical-align: middle;\n",
       "    }\n",
       "\n",
       "    .dataframe tbody tr th {\n",
       "        vertical-align: top;\n",
       "    }\n",
       "\n",
       "    .dataframe thead th {\n",
       "        text-align: right;\n",
       "    }\n",
       "</style>\n",
       "<table border=\"1\" class=\"dataframe\">\n",
       "  <thead>\n",
       "    <tr style=\"text-align: right;\">\n",
       "      <th></th>\n",
       "      <th>age</th>\n",
       "      <th>sex</th>\n",
       "      <th>cpt</th>\n",
       "      <th>rbp</th>\n",
       "      <th>sc</th>\n",
       "      <th>fbs</th>\n",
       "      <th>rer</th>\n",
       "      <th>mhr</th>\n",
       "      <th>eia</th>\n",
       "      <th>opst</th>\n",
       "      <th>dests</th>\n",
       "      <th>nmvcf</th>\n",
       "      <th>thal</th>\n",
       "      <th>a1p2</th>\n",
       "    </tr>\n",
       "  </thead>\n",
       "  <tbody>\n",
       "    <tr>\n",
       "      <th>0</th>\n",
       "      <td>29</td>\n",
       "      <td>1</td>\n",
       "      <td>2</td>\n",
       "      <td>130</td>\n",
       "      <td>204</td>\n",
       "      <td>0</td>\n",
       "      <td>2</td>\n",
       "      <td>202</td>\n",
       "      <td>0</td>\n",
       "      <td>0.0</td>\n",
       "      <td>1</td>\n",
       "      <td>0</td>\n",
       "      <td>3</td>\n",
       "      <td>1</td>\n",
       "    </tr>\n",
       "    <tr>\n",
       "      <th>1</th>\n",
       "      <td>34</td>\n",
       "      <td>0</td>\n",
       "      <td>2</td>\n",
       "      <td>118</td>\n",
       "      <td>210</td>\n",
       "      <td>0</td>\n",
       "      <td>0</td>\n",
       "      <td>192</td>\n",
       "      <td>0</td>\n",
       "      <td>0.7</td>\n",
       "      <td>1</td>\n",
       "      <td>0</td>\n",
       "      <td>3</td>\n",
       "      <td>1</td>\n",
       "    </tr>\n",
       "    <tr>\n",
       "      <th>2</th>\n",
       "      <td>34</td>\n",
       "      <td>1</td>\n",
       "      <td>1</td>\n",
       "      <td>118</td>\n",
       "      <td>182</td>\n",
       "      <td>0</td>\n",
       "      <td>2</td>\n",
       "      <td>174</td>\n",
       "      <td>0</td>\n",
       "      <td>0.0</td>\n",
       "      <td>1</td>\n",
       "      <td>0</td>\n",
       "      <td>3</td>\n",
       "      <td>1</td>\n",
       "    </tr>\n",
       "    <tr>\n",
       "      <th>3</th>\n",
       "      <td>35</td>\n",
       "      <td>1</td>\n",
       "      <td>4</td>\n",
       "      <td>120</td>\n",
       "      <td>198</td>\n",
       "      <td>0</td>\n",
       "      <td>0</td>\n",
       "      <td>130</td>\n",
       "      <td>1</td>\n",
       "      <td>1.6</td>\n",
       "      <td>2</td>\n",
       "      <td>0</td>\n",
       "      <td>7</td>\n",
       "      <td>2</td>\n",
       "    </tr>\n",
       "    <tr>\n",
       "      <th>4</th>\n",
       "      <td>35</td>\n",
       "      <td>1</td>\n",
       "      <td>4</td>\n",
       "      <td>126</td>\n",
       "      <td>282</td>\n",
       "      <td>0</td>\n",
       "      <td>2</td>\n",
       "      <td>156</td>\n",
       "      <td>1</td>\n",
       "      <td>0.0</td>\n",
       "      <td>1</td>\n",
       "      <td>0</td>\n",
       "      <td>7</td>\n",
       "      <td>2</td>\n",
       "    </tr>\n",
       "  </tbody>\n",
       "</table>\n",
       "</div>"
      ],
      "text/plain": [
       "   age  sex  cpt  rbp   sc  fbs  rer  mhr  eia  opst  dests  nmvcf  thal  a1p2\n",
       "0   29    1    2  130  204    0    2  202    0   0.0      1      0     3     1\n",
       "1   34    0    2  118  210    0    0  192    0   0.7      1      0     3     1\n",
       "2   34    1    1  118  182    0    2  174    0   0.0      1      0     3     1\n",
       "3   35    1    4  120  198    0    0  130    1   1.6      2      0     7     2\n",
       "4   35    1    4  126  282    0    2  156    1   0.0      1      0     7     2"
      ]
     },
     "execution_count": 3,
     "metadata": {},
     "output_type": "execute_result"
    }
   ],
   "source": [
    "# Read the dataset\n",
    "heart_df = pd.read_csv('./heart1.csv')\n",
    "heart_df.head()"
   ]
  },
  {
   "cell_type": "markdown",
   "id": "ea7df3f8",
   "metadata": {},
   "source": [
    "## CORRELATION ANALYSIS"
   ]
  },
  {
   "cell_type": "code",
   "execution_count": 4,
   "id": "1d587d49",
   "metadata": {},
   "outputs": [
    {
     "data": {
      "text/html": [
       "<div>\n",
       "<style scoped>\n",
       "    .dataframe tbody tr th:only-of-type {\n",
       "        vertical-align: middle;\n",
       "    }\n",
       "\n",
       "    .dataframe tbody tr th {\n",
       "        vertical-align: top;\n",
       "    }\n",
       "\n",
       "    .dataframe thead th {\n",
       "        text-align: right;\n",
       "    }\n",
       "</style>\n",
       "<table border=\"1\" class=\"dataframe\">\n",
       "  <thead>\n",
       "    <tr style=\"text-align: right;\">\n",
       "      <th></th>\n",
       "      <th>age</th>\n",
       "      <th>sex</th>\n",
       "      <th>cpt</th>\n",
       "      <th>rbp</th>\n",
       "      <th>sc</th>\n",
       "      <th>fbs</th>\n",
       "      <th>rer</th>\n",
       "      <th>mhr</th>\n",
       "      <th>eia</th>\n",
       "      <th>opst</th>\n",
       "      <th>dests</th>\n",
       "      <th>nmvcf</th>\n",
       "      <th>thal</th>\n",
       "      <th>a1p2</th>\n",
       "    </tr>\n",
       "  </thead>\n",
       "  <tbody>\n",
       "    <tr>\n",
       "      <th>age</th>\n",
       "      <td>1.000000</td>\n",
       "      <td>0.094401</td>\n",
       "      <td>0.096920</td>\n",
       "      <td>0.273053</td>\n",
       "      <td>0.220056</td>\n",
       "      <td>0.123458</td>\n",
       "      <td>0.128171</td>\n",
       "      <td>0.402215</td>\n",
       "      <td>0.098297</td>\n",
       "      <td>0.194234</td>\n",
       "      <td>0.159774</td>\n",
       "      <td>0.356081</td>\n",
       "      <td>0.106100</td>\n",
       "      <td>0.212322</td>\n",
       "    </tr>\n",
       "    <tr>\n",
       "      <th>sex</th>\n",
       "      <td>0.094401</td>\n",
       "      <td>1.000000</td>\n",
       "      <td>0.034636</td>\n",
       "      <td>0.062693</td>\n",
       "      <td>0.201647</td>\n",
       "      <td>0.042140</td>\n",
       "      <td>0.039253</td>\n",
       "      <td>0.076101</td>\n",
       "      <td>0.180022</td>\n",
       "      <td>0.097412</td>\n",
       "      <td>0.050545</td>\n",
       "      <td>0.086830</td>\n",
       "      <td>0.391046</td>\n",
       "      <td>0.297721</td>\n",
       "    </tr>\n",
       "    <tr>\n",
       "      <th>cpt</th>\n",
       "      <td>0.096920</td>\n",
       "      <td>0.034636</td>\n",
       "      <td>1.000000</td>\n",
       "      <td>0.043196</td>\n",
       "      <td>0.090465</td>\n",
       "      <td>0.098537</td>\n",
       "      <td>0.074325</td>\n",
       "      <td>0.317682</td>\n",
       "      <td>0.353160</td>\n",
       "      <td>0.167244</td>\n",
       "      <td>0.136900</td>\n",
       "      <td>0.225890</td>\n",
       "      <td>0.262659</td>\n",
       "      <td>0.417436</td>\n",
       "    </tr>\n",
       "    <tr>\n",
       "      <th>rbp</th>\n",
       "      <td>0.273053</td>\n",
       "      <td>0.062693</td>\n",
       "      <td>0.043196</td>\n",
       "      <td>1.000000</td>\n",
       "      <td>0.173019</td>\n",
       "      <td>0.155681</td>\n",
       "      <td>0.116157</td>\n",
       "      <td>0.039136</td>\n",
       "      <td>0.082793</td>\n",
       "      <td>0.222800</td>\n",
       "      <td>0.142472</td>\n",
       "      <td>0.085697</td>\n",
       "      <td>0.132045</td>\n",
       "      <td>0.155383</td>\n",
       "    </tr>\n",
       "    <tr>\n",
       "      <th>sc</th>\n",
       "      <td>0.220056</td>\n",
       "      <td>0.201647</td>\n",
       "      <td>0.090465</td>\n",
       "      <td>0.173019</td>\n",
       "      <td>1.000000</td>\n",
       "      <td>0.025186</td>\n",
       "      <td>0.167652</td>\n",
       "      <td>0.018739</td>\n",
       "      <td>0.078243</td>\n",
       "      <td>0.027709</td>\n",
       "      <td>0.005755</td>\n",
       "      <td>0.126541</td>\n",
       "      <td>0.028836</td>\n",
       "      <td>0.118021</td>\n",
       "    </tr>\n",
       "    <tr>\n",
       "      <th>fbs</th>\n",
       "      <td>0.123458</td>\n",
       "      <td>0.042140</td>\n",
       "      <td>0.098537</td>\n",
       "      <td>0.155681</td>\n",
       "      <td>0.025186</td>\n",
       "      <td>1.000000</td>\n",
       "      <td>0.053499</td>\n",
       "      <td>0.022494</td>\n",
       "      <td>0.004107</td>\n",
       "      <td>0.025538</td>\n",
       "      <td>0.044076</td>\n",
       "      <td>0.123774</td>\n",
       "      <td>0.049237</td>\n",
       "      <td>0.016319</td>\n",
       "    </tr>\n",
       "    <tr>\n",
       "      <th>rer</th>\n",
       "      <td>0.128171</td>\n",
       "      <td>0.039253</td>\n",
       "      <td>0.074325</td>\n",
       "      <td>0.116157</td>\n",
       "      <td>0.167652</td>\n",
       "      <td>0.053499</td>\n",
       "      <td>1.000000</td>\n",
       "      <td>0.074628</td>\n",
       "      <td>0.095098</td>\n",
       "      <td>0.120034</td>\n",
       "      <td>0.160614</td>\n",
       "      <td>0.114368</td>\n",
       "      <td>0.007337</td>\n",
       "      <td>0.182091</td>\n",
       "    </tr>\n",
       "    <tr>\n",
       "      <th>mhr</th>\n",
       "      <td>0.402215</td>\n",
       "      <td>0.076101</td>\n",
       "      <td>0.317682</td>\n",
       "      <td>0.039136</td>\n",
       "      <td>0.018739</td>\n",
       "      <td>0.022494</td>\n",
       "      <td>0.074628</td>\n",
       "      <td>1.000000</td>\n",
       "      <td>0.380719</td>\n",
       "      <td>0.349045</td>\n",
       "      <td>0.386847</td>\n",
       "      <td>0.265333</td>\n",
       "      <td>0.253397</td>\n",
       "      <td>0.418514</td>\n",
       "    </tr>\n",
       "    <tr>\n",
       "      <th>eia</th>\n",
       "      <td>0.098297</td>\n",
       "      <td>0.180022</td>\n",
       "      <td>0.353160</td>\n",
       "      <td>0.082793</td>\n",
       "      <td>0.078243</td>\n",
       "      <td>0.004107</td>\n",
       "      <td>0.095098</td>\n",
       "      <td>0.380719</td>\n",
       "      <td>1.000000</td>\n",
       "      <td>0.274672</td>\n",
       "      <td>0.255908</td>\n",
       "      <td>0.153347</td>\n",
       "      <td>0.321449</td>\n",
       "      <td>0.419303</td>\n",
       "    </tr>\n",
       "    <tr>\n",
       "      <th>opst</th>\n",
       "      <td>0.194234</td>\n",
       "      <td>0.097412</td>\n",
       "      <td>0.167244</td>\n",
       "      <td>0.222800</td>\n",
       "      <td>0.027709</td>\n",
       "      <td>0.025538</td>\n",
       "      <td>0.120034</td>\n",
       "      <td>0.349045</td>\n",
       "      <td>0.274672</td>\n",
       "      <td>1.000000</td>\n",
       "      <td>0.609712</td>\n",
       "      <td>0.255005</td>\n",
       "      <td>0.324333</td>\n",
       "      <td>0.417967</td>\n",
       "    </tr>\n",
       "    <tr>\n",
       "      <th>dests</th>\n",
       "      <td>0.159774</td>\n",
       "      <td>0.050545</td>\n",
       "      <td>0.136900</td>\n",
       "      <td>0.142472</td>\n",
       "      <td>0.005755</td>\n",
       "      <td>0.044076</td>\n",
       "      <td>0.160614</td>\n",
       "      <td>0.386847</td>\n",
       "      <td>0.255908</td>\n",
       "      <td>0.609712</td>\n",
       "      <td>1.000000</td>\n",
       "      <td>0.109498</td>\n",
       "      <td>0.283678</td>\n",
       "      <td>0.337616</td>\n",
       "    </tr>\n",
       "    <tr>\n",
       "      <th>nmvcf</th>\n",
       "      <td>0.356081</td>\n",
       "      <td>0.086830</td>\n",
       "      <td>0.225890</td>\n",
       "      <td>0.085697</td>\n",
       "      <td>0.126541</td>\n",
       "      <td>0.123774</td>\n",
       "      <td>0.114368</td>\n",
       "      <td>0.265333</td>\n",
       "      <td>0.153347</td>\n",
       "      <td>0.255005</td>\n",
       "      <td>0.109498</td>\n",
       "      <td>1.000000</td>\n",
       "      <td>0.255648</td>\n",
       "      <td>0.455336</td>\n",
       "    </tr>\n",
       "    <tr>\n",
       "      <th>thal</th>\n",
       "      <td>0.106100</td>\n",
       "      <td>0.391046</td>\n",
       "      <td>0.262659</td>\n",
       "      <td>0.132045</td>\n",
       "      <td>0.028836</td>\n",
       "      <td>0.049237</td>\n",
       "      <td>0.007337</td>\n",
       "      <td>0.253397</td>\n",
       "      <td>0.321449</td>\n",
       "      <td>0.324333</td>\n",
       "      <td>0.283678</td>\n",
       "      <td>0.255648</td>\n",
       "      <td>1.000000</td>\n",
       "      <td>0.525020</td>\n",
       "    </tr>\n",
       "    <tr>\n",
       "      <th>a1p2</th>\n",
       "      <td>0.212322</td>\n",
       "      <td>0.297721</td>\n",
       "      <td>0.417436</td>\n",
       "      <td>0.155383</td>\n",
       "      <td>0.118021</td>\n",
       "      <td>0.016319</td>\n",
       "      <td>0.182091</td>\n",
       "      <td>0.418514</td>\n",
       "      <td>0.419303</td>\n",
       "      <td>0.417967</td>\n",
       "      <td>0.337616</td>\n",
       "      <td>0.455336</td>\n",
       "      <td>0.525020</td>\n",
       "      <td>1.000000</td>\n",
       "    </tr>\n",
       "  </tbody>\n",
       "</table>\n",
       "</div>"
      ],
      "text/plain": [
       "            age       sex       cpt       rbp        sc       fbs       rer  \\\n",
       "age    1.000000  0.094401  0.096920  0.273053  0.220056  0.123458  0.128171   \n",
       "sex    0.094401  1.000000  0.034636  0.062693  0.201647  0.042140  0.039253   \n",
       "cpt    0.096920  0.034636  1.000000  0.043196  0.090465  0.098537  0.074325   \n",
       "rbp    0.273053  0.062693  0.043196  1.000000  0.173019  0.155681  0.116157   \n",
       "sc     0.220056  0.201647  0.090465  0.173019  1.000000  0.025186  0.167652   \n",
       "fbs    0.123458  0.042140  0.098537  0.155681  0.025186  1.000000  0.053499   \n",
       "rer    0.128171  0.039253  0.074325  0.116157  0.167652  0.053499  1.000000   \n",
       "mhr    0.402215  0.076101  0.317682  0.039136  0.018739  0.022494  0.074628   \n",
       "eia    0.098297  0.180022  0.353160  0.082793  0.078243  0.004107  0.095098   \n",
       "opst   0.194234  0.097412  0.167244  0.222800  0.027709  0.025538  0.120034   \n",
       "dests  0.159774  0.050545  0.136900  0.142472  0.005755  0.044076  0.160614   \n",
       "nmvcf  0.356081  0.086830  0.225890  0.085697  0.126541  0.123774  0.114368   \n",
       "thal   0.106100  0.391046  0.262659  0.132045  0.028836  0.049237  0.007337   \n",
       "a1p2   0.212322  0.297721  0.417436  0.155383  0.118021  0.016319  0.182091   \n",
       "\n",
       "            mhr       eia      opst     dests     nmvcf      thal      a1p2  \n",
       "age    0.402215  0.098297  0.194234  0.159774  0.356081  0.106100  0.212322  \n",
       "sex    0.076101  0.180022  0.097412  0.050545  0.086830  0.391046  0.297721  \n",
       "cpt    0.317682  0.353160  0.167244  0.136900  0.225890  0.262659  0.417436  \n",
       "rbp    0.039136  0.082793  0.222800  0.142472  0.085697  0.132045  0.155383  \n",
       "sc     0.018739  0.078243  0.027709  0.005755  0.126541  0.028836  0.118021  \n",
       "fbs    0.022494  0.004107  0.025538  0.044076  0.123774  0.049237  0.016319  \n",
       "rer    0.074628  0.095098  0.120034  0.160614  0.114368  0.007337  0.182091  \n",
       "mhr    1.000000  0.380719  0.349045  0.386847  0.265333  0.253397  0.418514  \n",
       "eia    0.380719  1.000000  0.274672  0.255908  0.153347  0.321449  0.419303  \n",
       "opst   0.349045  0.274672  1.000000  0.609712  0.255005  0.324333  0.417967  \n",
       "dests  0.386847  0.255908  0.609712  1.000000  0.109498  0.283678  0.337616  \n",
       "nmvcf  0.265333  0.153347  0.255005  0.109498  1.000000  0.255648  0.455336  \n",
       "thal   0.253397  0.321449  0.324333  0.283678  0.255648  1.000000  0.525020  \n",
       "a1p2   0.418514  0.419303  0.417967  0.337616  0.455336  0.525020  1.000000  "
      ]
     },
     "execution_count": 4,
     "metadata": {},
     "output_type": "execute_result"
    }
   ],
   "source": [
    "# Get the absolute correlation values for the dataset\n",
    "heart_corr = heart_df.corr().abs()\n",
    "heart_corr"
   ]
  },
  {
   "cell_type": "code",
   "execution_count": 5,
   "id": "86103f7b",
   "metadata": {},
   "outputs": [
    {
     "data": {
      "text/plain": [
       "dests  opst     0.609712\n",
       "a1p2   thal     0.525020\n",
       "       nmvcf    0.455336\n",
       "       eia      0.419303\n",
       "       mhr      0.418514\n",
       "       opst     0.417967\n",
       "       cpt      0.417436\n",
       "mhr    age      0.402215\n",
       "thal   sex      0.391046\n",
       "dests  mhr      0.386847\n",
       "dtype: float64"
      ]
     },
     "execution_count": 5,
     "metadata": {},
     "output_type": "execute_result"
    }
   ],
   "source": [
    "tri_corr = heart_corr * np.tri(*heart_corr.values.shape, k=-1).T\n",
    "correlation_array = tri_corr.unstack() # Unstack the correlation results into a Pandas series\n",
    "correlation_array.sort_values(inplace=True, ascending=False)\n",
    "correlation_array.head(10)"
   ]
  },
  {
   "cell_type": "code",
   "execution_count": 6,
   "id": "7bfa045c",
   "metadata": {},
   "outputs": [],
   "source": [
    "# This returns a pandas dataframe that shows the covariance\n",
    "# and correlation of the labels with each other \n",
    "def get_relation_with_heart_disease(corr_array: pd.Series, cov_corr: int, is_target: bool):\n",
    "    label_1 = pd.DataFrame([x[0] for x in corr_array.axes[0]])\n",
    "    label_2 = pd.DataFrame([x[1] for x in corr_array.axes[0]])\n",
    "    values = pd.Series(corr_array.values)\n",
    "    \n",
    "    relation_data = pd.concat([label_1, label_2, values], axis=1)\n",
    "    relation_data.columns = [\"label1\", \"label2\", \"Correlation\" if cov_corr == 2 else \"Covariance\"]\n",
    "    \n",
    "    heart_data = relation_data[relation_data[\"label1\"] == \"a1p2\"] if is_target else relation_data\n",
    "    heart_data.reset_index(inplace=True, drop=True)\n",
    "    return heart_data"
   ]
  },
  {
   "cell_type": "markdown",
   "id": "08fb0629",
   "metadata": {},
   "source": [
    "## Correlation with all features other than the target feature a1p2"
   ]
  },
  {
   "cell_type": "code",
   "execution_count": 33,
   "id": "95cb7265",
   "metadata": {},
   "outputs": [
    {
     "data": {
      "text/html": [
       "<div>\n",
       "<style scoped>\n",
       "    .dataframe tbody tr th:only-of-type {\n",
       "        vertical-align: middle;\n",
       "    }\n",
       "\n",
       "    .dataframe tbody tr th {\n",
       "        vertical-align: top;\n",
       "    }\n",
       "\n",
       "    .dataframe thead th {\n",
       "        text-align: right;\n",
       "    }\n",
       "</style>\n",
       "<table border=\"1\" class=\"dataframe\">\n",
       "  <thead>\n",
       "    <tr style=\"text-align: right;\">\n",
       "      <th></th>\n",
       "      <th>label1</th>\n",
       "      <th>label2</th>\n",
       "      <th>Correlation</th>\n",
       "    </tr>\n",
       "  </thead>\n",
       "  <tbody>\n",
       "    <tr>\n",
       "      <th>0</th>\n",
       "      <td>dests</td>\n",
       "      <td>opst</td>\n",
       "      <td>0.609712</td>\n",
       "    </tr>\n",
       "    <tr>\n",
       "      <th>1</th>\n",
       "      <td>a1p2</td>\n",
       "      <td>thal</td>\n",
       "      <td>0.525020</td>\n",
       "    </tr>\n",
       "    <tr>\n",
       "      <th>2</th>\n",
       "      <td>a1p2</td>\n",
       "      <td>nmvcf</td>\n",
       "      <td>0.455336</td>\n",
       "    </tr>\n",
       "    <tr>\n",
       "      <th>3</th>\n",
       "      <td>a1p2</td>\n",
       "      <td>eia</td>\n",
       "      <td>0.419303</td>\n",
       "    </tr>\n",
       "    <tr>\n",
       "      <th>4</th>\n",
       "      <td>a1p2</td>\n",
       "      <td>mhr</td>\n",
       "      <td>0.418514</td>\n",
       "    </tr>\n",
       "    <tr>\n",
       "      <th>5</th>\n",
       "      <td>a1p2</td>\n",
       "      <td>opst</td>\n",
       "      <td>0.417967</td>\n",
       "    </tr>\n",
       "    <tr>\n",
       "      <th>6</th>\n",
       "      <td>a1p2</td>\n",
       "      <td>cpt</td>\n",
       "      <td>0.417436</td>\n",
       "    </tr>\n",
       "    <tr>\n",
       "      <th>7</th>\n",
       "      <td>mhr</td>\n",
       "      <td>age</td>\n",
       "      <td>0.402215</td>\n",
       "    </tr>\n",
       "    <tr>\n",
       "      <th>8</th>\n",
       "      <td>thal</td>\n",
       "      <td>sex</td>\n",
       "      <td>0.391046</td>\n",
       "    </tr>\n",
       "    <tr>\n",
       "      <th>9</th>\n",
       "      <td>dests</td>\n",
       "      <td>mhr</td>\n",
       "      <td>0.386847</td>\n",
       "    </tr>\n",
       "  </tbody>\n",
       "</table>\n",
       "</div>"
      ],
      "text/plain": [
       "  label1 label2  Correlation\n",
       "0  dests   opst     0.609712\n",
       "1   a1p2   thal     0.525020\n",
       "2   a1p2  nmvcf     0.455336\n",
       "3   a1p2    eia     0.419303\n",
       "4   a1p2    mhr     0.418514\n",
       "5   a1p2   opst     0.417967\n",
       "6   a1p2    cpt     0.417436\n",
       "7    mhr    age     0.402215\n",
       "8   thal    sex     0.391046\n",
       "9  dests    mhr     0.386847"
      ]
     },
     "execution_count": 33,
     "metadata": {},
     "output_type": "execute_result"
    }
   ],
   "source": [
    "# Get the top 10 correlation data points\n",
    "cor_with_features = get_relation_with_heart_disease(correlation_array, 2, False)\n",
    "cor_with_features[:10]"
   ]
  },
  {
   "cell_type": "markdown",
   "id": "c1340de1",
   "metadata": {},
   "source": [
    "## Correlation with target feature"
   ]
  },
  {
   "cell_type": "code",
   "execution_count": 34,
   "id": "226e4c23",
   "metadata": {},
   "outputs": [
    {
     "data": {
      "text/html": [
       "<div>\n",
       "<style scoped>\n",
       "    .dataframe tbody tr th:only-of-type {\n",
       "        vertical-align: middle;\n",
       "    }\n",
       "\n",
       "    .dataframe tbody tr th {\n",
       "        vertical-align: top;\n",
       "    }\n",
       "\n",
       "    .dataframe thead th {\n",
       "        text-align: right;\n",
       "    }\n",
       "</style>\n",
       "<table border=\"1\" class=\"dataframe\">\n",
       "  <thead>\n",
       "    <tr style=\"text-align: right;\">\n",
       "      <th></th>\n",
       "      <th>label1</th>\n",
       "      <th>label2</th>\n",
       "      <th>Correlation</th>\n",
       "    </tr>\n",
       "  </thead>\n",
       "  <tbody>\n",
       "    <tr>\n",
       "      <th>0</th>\n",
       "      <td>a1p2</td>\n",
       "      <td>thal</td>\n",
       "      <td>0.525020</td>\n",
       "    </tr>\n",
       "    <tr>\n",
       "      <th>1</th>\n",
       "      <td>a1p2</td>\n",
       "      <td>nmvcf</td>\n",
       "      <td>0.455336</td>\n",
       "    </tr>\n",
       "    <tr>\n",
       "      <th>2</th>\n",
       "      <td>a1p2</td>\n",
       "      <td>eia</td>\n",
       "      <td>0.419303</td>\n",
       "    </tr>\n",
       "    <tr>\n",
       "      <th>3</th>\n",
       "      <td>a1p2</td>\n",
       "      <td>mhr</td>\n",
       "      <td>0.418514</td>\n",
       "    </tr>\n",
       "    <tr>\n",
       "      <th>4</th>\n",
       "      <td>a1p2</td>\n",
       "      <td>opst</td>\n",
       "      <td>0.417967</td>\n",
       "    </tr>\n",
       "    <tr>\n",
       "      <th>5</th>\n",
       "      <td>a1p2</td>\n",
       "      <td>cpt</td>\n",
       "      <td>0.417436</td>\n",
       "    </tr>\n",
       "    <tr>\n",
       "      <th>6</th>\n",
       "      <td>a1p2</td>\n",
       "      <td>dests</td>\n",
       "      <td>0.337616</td>\n",
       "    </tr>\n",
       "    <tr>\n",
       "      <th>7</th>\n",
       "      <td>a1p2</td>\n",
       "      <td>sex</td>\n",
       "      <td>0.297721</td>\n",
       "    </tr>\n",
       "    <tr>\n",
       "      <th>8</th>\n",
       "      <td>a1p2</td>\n",
       "      <td>age</td>\n",
       "      <td>0.212322</td>\n",
       "    </tr>\n",
       "    <tr>\n",
       "      <th>9</th>\n",
       "      <td>a1p2</td>\n",
       "      <td>rer</td>\n",
       "      <td>0.182091</td>\n",
       "    </tr>\n",
       "  </tbody>\n",
       "</table>\n",
       "</div>"
      ],
      "text/plain": [
       "  label1 label2  Correlation\n",
       "0   a1p2   thal     0.525020\n",
       "1   a1p2  nmvcf     0.455336\n",
       "2   a1p2    eia     0.419303\n",
       "3   a1p2    mhr     0.418514\n",
       "4   a1p2   opst     0.417967\n",
       "5   a1p2    cpt     0.417436\n",
       "6   a1p2  dests     0.337616\n",
       "7   a1p2    sex     0.297721\n",
       "8   a1p2    age     0.212322\n",
       "9   a1p2    rer     0.182091"
      ]
     },
     "execution_count": 34,
     "metadata": {},
     "output_type": "execute_result"
    }
   ],
   "source": [
    "# Get correlation with the target feature of a1p2\n",
    "cor_with_disease = get_relation_with_heart_disease(correlation_array, 2, True)\n",
    "cor_with_disease[:10]"
   ]
  },
  {
   "cell_type": "markdown",
   "id": "45e82dd6",
   "metadata": {},
   "source": [
    "## COVARIANCE ANALYSIS"
   ]
  },
  {
   "cell_type": "code",
   "execution_count": 9,
   "id": "2dd3ec10",
   "metadata": {},
   "outputs": [
    {
     "data": {
      "text/html": [
       "<div>\n",
       "<style scoped>\n",
       "    .dataframe tbody tr th:only-of-type {\n",
       "        vertical-align: middle;\n",
       "    }\n",
       "\n",
       "    .dataframe tbody tr th {\n",
       "        vertical-align: top;\n",
       "    }\n",
       "\n",
       "    .dataframe thead th {\n",
       "        text-align: right;\n",
       "    }\n",
       "</style>\n",
       "<table border=\"1\" class=\"dataframe\">\n",
       "  <thead>\n",
       "    <tr style=\"text-align: right;\">\n",
       "      <th></th>\n",
       "      <th>age</th>\n",
       "      <th>sex</th>\n",
       "      <th>cpt</th>\n",
       "      <th>rbp</th>\n",
       "      <th>sc</th>\n",
       "      <th>fbs</th>\n",
       "      <th>rer</th>\n",
       "      <th>mhr</th>\n",
       "      <th>eia</th>\n",
       "      <th>opst</th>\n",
       "      <th>dests</th>\n",
       "      <th>nmvcf</th>\n",
       "      <th>thal</th>\n",
       "      <th>a1p2</th>\n",
       "    </tr>\n",
       "  </thead>\n",
       "  <tbody>\n",
       "    <tr>\n",
       "      <th>age</th>\n",
       "      <td>82.975093</td>\n",
       "      <td>0.402602</td>\n",
       "      <td>0.838786</td>\n",
       "      <td>44.426394</td>\n",
       "      <td>103.605452</td>\n",
       "      <td>0.400248</td>\n",
       "      <td>1.165056</td>\n",
       "      <td>84.874721</td>\n",
       "      <td>0.421685</td>\n",
       "      <td>2.026208</td>\n",
       "      <td>0.894176</td>\n",
       "      <td>3.061586</td>\n",
       "      <td>1.875589</td>\n",
       "      <td>0.962825</td>\n",
       "    </tr>\n",
       "    <tr>\n",
       "      <th>sex</th>\n",
       "      <td>0.402602</td>\n",
       "      <td>0.219207</td>\n",
       "      <td>0.015407</td>\n",
       "      <td>0.524287</td>\n",
       "      <td>4.879719</td>\n",
       "      <td>0.007022</td>\n",
       "      <td>0.018340</td>\n",
       "      <td>0.825403</td>\n",
       "      <td>0.039694</td>\n",
       "      <td>0.052230</td>\n",
       "      <td>0.014539</td>\n",
       "      <td>0.038373</td>\n",
       "      <td>0.355308</td>\n",
       "      <td>0.069393</td>\n",
       "    </tr>\n",
       "    <tr>\n",
       "      <th>cpt</th>\n",
       "      <td>0.838786</td>\n",
       "      <td>0.015407</td>\n",
       "      <td>0.902671</td>\n",
       "      <td>0.733044</td>\n",
       "      <td>4.442434</td>\n",
       "      <td>0.033320</td>\n",
       "      <td>0.070467</td>\n",
       "      <td>6.992028</td>\n",
       "      <td>0.158020</td>\n",
       "      <td>0.181970</td>\n",
       "      <td>0.079912</td>\n",
       "      <td>0.202575</td>\n",
       "      <td>0.484290</td>\n",
       "      <td>0.197439</td>\n",
       "    </tr>\n",
       "    <tr>\n",
       "      <th>rbp</th>\n",
       "      <td>44.426394</td>\n",
       "      <td>0.524287</td>\n",
       "      <td>0.733044</td>\n",
       "      <td>319.037051</td>\n",
       "      <td>159.731185</td>\n",
       "      <td>0.989674</td>\n",
       "      <td>2.070384</td>\n",
       "      <td>16.193432</td>\n",
       "      <td>0.696448</td>\n",
       "      <td>4.557435</td>\n",
       "      <td>1.563486</td>\n",
       "      <td>1.444816</td>\n",
       "      <td>4.577117</td>\n",
       "      <td>1.381660</td>\n",
       "    </tr>\n",
       "    <tr>\n",
       "      <th>sc</th>\n",
       "      <td>103.605452</td>\n",
       "      <td>4.879719</td>\n",
       "      <td>4.442434</td>\n",
       "      <td>159.731185</td>\n",
       "      <td>2671.467107</td>\n",
       "      <td>0.463307</td>\n",
       "      <td>8.647005</td>\n",
       "      <td>22.437340</td>\n",
       "      <td>1.904557</td>\n",
       "      <td>1.640149</td>\n",
       "      <td>0.182762</td>\n",
       "      <td>6.173510</td>\n",
       "      <td>2.892414</td>\n",
       "      <td>3.036762</td>\n",
       "    </tr>\n",
       "  </tbody>\n",
       "</table>\n",
       "</div>"
      ],
      "text/plain": [
       "            age       sex       cpt         rbp           sc       fbs  \\\n",
       "age   82.975093  0.402602  0.838786   44.426394   103.605452  0.400248   \n",
       "sex    0.402602  0.219207  0.015407    0.524287     4.879719  0.007022   \n",
       "cpt    0.838786  0.015407  0.902671    0.733044     4.442434  0.033320   \n",
       "rbp   44.426394  0.524287  0.733044  319.037051   159.731185  0.989674   \n",
       "sc   103.605452  4.879719  4.442434  159.731185  2671.467107  0.463307   \n",
       "\n",
       "          rer        mhr       eia      opst     dests     nmvcf      thal  \\\n",
       "age  1.165056  84.874721  0.421685  2.026208  0.894176  3.061586  1.875589   \n",
       "sex  0.018340   0.825403  0.039694  0.052230  0.014539  0.038373  0.355308   \n",
       "cpt  0.070467   6.992028  0.158020  0.181970  0.079912  0.202575  0.484290   \n",
       "rbp  2.070384  16.193432  0.696448  4.557435  1.563486  1.444816  4.577117   \n",
       "sc   8.647005  22.437340  1.904557  1.640149  0.182762  6.173510  2.892414   \n",
       "\n",
       "         a1p2  \n",
       "age  0.962825  \n",
       "sex  0.069393  \n",
       "cpt  0.197439  \n",
       "rbp  1.381660  \n",
       "sc   3.036762  "
      ]
     },
     "execution_count": 9,
     "metadata": {},
     "output_type": "execute_result"
    }
   ],
   "source": [
    "# Covariance calculation\n",
    "heart_cov = heart_df.cov().abs()\n",
    "heart_cov.head()"
   ]
  },
  {
   "cell_type": "code",
   "execution_count": 35,
   "id": "37fbca2b",
   "metadata": {},
   "outputs": [
    {
     "data": {
      "text/plain": [
       "sc    rbp    159.731185\n",
       "      age    103.605452\n",
       "mhr   age     84.874721\n",
       "rbp   age     44.426394\n",
       "mhr   sc      22.437340\n",
       "      rbp     16.193432\n",
       "thal  mhr     11.391904\n",
       "opst  mhr      9.260037\n",
       "rer   sc       8.647005\n",
       "mhr   cpt      6.992028\n",
       "dtype: float64"
      ]
     },
     "execution_count": 35,
     "metadata": {},
     "output_type": "execute_result"
    }
   ],
   "source": [
    "tri_cov_df = heart_cov * np.tri(*heart_cov.values.shape, k=-1).T\n",
    "cov_unstack = tri_cov_df.unstack() # Unstack the covariance results into a Pandas series\n",
    "cov_unstack.sort_values(inplace=True, ascending=False)\n",
    "cov_unstack.head(10)"
   ]
  },
  {
   "cell_type": "code",
   "execution_count": 11,
   "id": "5dd68c42",
   "metadata": {},
   "outputs": [
    {
     "data": {
      "text/html": [
       "<div>\n",
       "<style scoped>\n",
       "    .dataframe tbody tr th:only-of-type {\n",
       "        vertical-align: middle;\n",
       "    }\n",
       "\n",
       "    .dataframe tbody tr th {\n",
       "        vertical-align: top;\n",
       "    }\n",
       "\n",
       "    .dataframe thead th {\n",
       "        text-align: right;\n",
       "    }\n",
       "</style>\n",
       "<table border=\"1\" class=\"dataframe\">\n",
       "  <thead>\n",
       "    <tr style=\"text-align: right;\">\n",
       "      <th></th>\n",
       "      <th>label1</th>\n",
       "      <th>label2</th>\n",
       "      <th>Covariance</th>\n",
       "    </tr>\n",
       "  </thead>\n",
       "  <tbody>\n",
       "    <tr>\n",
       "      <th>0</th>\n",
       "      <td>a1p2</td>\n",
       "      <td>mhr</td>\n",
       "      <td>4.826518</td>\n",
       "    </tr>\n",
       "    <tr>\n",
       "      <th>1</th>\n",
       "      <td>a1p2</td>\n",
       "      <td>sc</td>\n",
       "      <td>3.036762</td>\n",
       "    </tr>\n",
       "    <tr>\n",
       "      <th>2</th>\n",
       "      <td>a1p2</td>\n",
       "      <td>rbp</td>\n",
       "      <td>1.381660</td>\n",
       "    </tr>\n",
       "    <tr>\n",
       "      <th>3</th>\n",
       "      <td>a1p2</td>\n",
       "      <td>age</td>\n",
       "      <td>0.962825</td>\n",
       "    </tr>\n",
       "    <tr>\n",
       "      <th>4</th>\n",
       "      <td>a1p2</td>\n",
       "      <td>thal</td>\n",
       "      <td>0.507228</td>\n",
       "    </tr>\n",
       "    <tr>\n",
       "      <th>5</th>\n",
       "      <td>a1p2</td>\n",
       "      <td>opst</td>\n",
       "      <td>0.238290</td>\n",
       "    </tr>\n",
       "    <tr>\n",
       "      <th>6</th>\n",
       "      <td>a1p2</td>\n",
       "      <td>nmvcf</td>\n",
       "      <td>0.213961</td>\n",
       "    </tr>\n",
       "    <tr>\n",
       "      <th>7</th>\n",
       "      <td>a1p2</td>\n",
       "      <td>cpt</td>\n",
       "      <td>0.197439</td>\n",
       "    </tr>\n",
       "    <tr>\n",
       "      <th>8</th>\n",
       "      <td>a1p2</td>\n",
       "      <td>dests</td>\n",
       "      <td>0.103263</td>\n",
       "    </tr>\n",
       "    <tr>\n",
       "      <th>9</th>\n",
       "      <td>a1p2</td>\n",
       "      <td>eia</td>\n",
       "      <td>0.098306</td>\n",
       "    </tr>\n",
       "  </tbody>\n",
       "</table>\n",
       "</div>"
      ],
      "text/plain": [
       "  label1 label2  Covariance\n",
       "0   a1p2    mhr    4.826518\n",
       "1   a1p2     sc    3.036762\n",
       "2   a1p2    rbp    1.381660\n",
       "3   a1p2    age    0.962825\n",
       "4   a1p2   thal    0.507228\n",
       "5   a1p2   opst    0.238290\n",
       "6   a1p2  nmvcf    0.213961\n",
       "7   a1p2    cpt    0.197439\n",
       "8   a1p2  dests    0.103263\n",
       "9   a1p2    eia    0.098306"
      ]
     },
     "execution_count": 11,
     "metadata": {},
     "output_type": "execute_result"
    }
   ],
   "source": [
    "# Get the covariance of the top 10 related to the target feature\n",
    "cov_with_disease = get_relation_with_heart_disease(cov_unstack, 1, True)\n",
    "cov_with_disease[:10]"
   ]
  },
  {
   "cell_type": "code",
   "execution_count": 36,
   "id": "8c4130b8",
   "metadata": {},
   "outputs": [
    {
     "data": {
      "text/html": [
       "<div>\n",
       "<style scoped>\n",
       "    .dataframe tbody tr th:only-of-type {\n",
       "        vertical-align: middle;\n",
       "    }\n",
       "\n",
       "    .dataframe tbody tr th {\n",
       "        vertical-align: top;\n",
       "    }\n",
       "\n",
       "    .dataframe thead th {\n",
       "        text-align: right;\n",
       "    }\n",
       "</style>\n",
       "<table border=\"1\" class=\"dataframe\">\n",
       "  <thead>\n",
       "    <tr style=\"text-align: right;\">\n",
       "      <th></th>\n",
       "      <th>label1</th>\n",
       "      <th>label2</th>\n",
       "      <th>Covariance</th>\n",
       "    </tr>\n",
       "  </thead>\n",
       "  <tbody>\n",
       "    <tr>\n",
       "      <th>0</th>\n",
       "      <td>sc</td>\n",
       "      <td>rbp</td>\n",
       "      <td>159.731185</td>\n",
       "    </tr>\n",
       "    <tr>\n",
       "      <th>1</th>\n",
       "      <td>sc</td>\n",
       "      <td>age</td>\n",
       "      <td>103.605452</td>\n",
       "    </tr>\n",
       "    <tr>\n",
       "      <th>2</th>\n",
       "      <td>mhr</td>\n",
       "      <td>age</td>\n",
       "      <td>84.874721</td>\n",
       "    </tr>\n",
       "    <tr>\n",
       "      <th>3</th>\n",
       "      <td>rbp</td>\n",
       "      <td>age</td>\n",
       "      <td>44.426394</td>\n",
       "    </tr>\n",
       "    <tr>\n",
       "      <th>4</th>\n",
       "      <td>mhr</td>\n",
       "      <td>sc</td>\n",
       "      <td>22.437340</td>\n",
       "    </tr>\n",
       "    <tr>\n",
       "      <th>5</th>\n",
       "      <td>mhr</td>\n",
       "      <td>rbp</td>\n",
       "      <td>16.193432</td>\n",
       "    </tr>\n",
       "    <tr>\n",
       "      <th>6</th>\n",
       "      <td>thal</td>\n",
       "      <td>mhr</td>\n",
       "      <td>11.391904</td>\n",
       "    </tr>\n",
